7
112233445566
00111001
698714981006160836030786106315120874078140101400000617140613781306713786347608346123640146016
0816810664360160186340613806346164578545555555555555555
097879693765756207201741060614054011
7777777777777777777777777
199999910870437134789613497178134014786356225892345
0170740685056056106870819761089740160139640186045156016058165048160186401864081650816508165016501601464016401
75458158181
789196453465441414341411111111111114184518146687145123684138176781239
0989040984908847460565086056850682020201107614098
78657151461
764161761
110033

