9
33 73 25 70 54 29 33 57 90 
9
25 29 33 33 54 57 70 73 90
4
69 87 86 80 
9
5 92 33 82 31 14 88 5 5 
5
63 48 6 73 93 
6
13 90 58 48 78 61 
7
6 51 49 41 95 80 19 
16
55 48 1 100 30 63 15 75 21 42 42 51 41 75 100 82 
3
62 39 89 
13
35 84 16 65 45 32 58 18 88 25 88 37 37 
8
27 89 88 25 4 48 90 67 
10
64 92 75 99 58 23 11 25 2 39 
4
4 81 32 67 
3
95 80 44 
4
49 87 29 74 
6
71 53 47 6 17 81 
11
80 70 4 11 57 95 26 23 30 84 40 
14
42 31 46 61 90 46 88 21 98 38 1 52 41 67 
4
96 71 65 7 
6
91 73 91 30 27 94 
15
27 58 96 66 64 96 71 18 34 22 7 9 85 66 83 
